Visa Credit Card No.
4013 2155 0622 1911
4019 9757 0924 3558
4024 0296 9237 5085
4027 8550 1555 7513
4032 9933 2305 8065
4052 6423 5900 4965
4060 5063 6379 9946
4070 6790 5718 6494
4071 8081 1787 7219
4094 2800 6942 8818
4113 9881 3619 8142
4114 8285 0419 9216
4121 5720 6080 7702
4122 5396 7207 1984
4128 7429 2640 7970
4131 1942 8411 7723
4125 4725 0318 3108
4225 1900 8016 6721
4226 0991 0062 6995
4231 8606 1399 9200
4232 7347 3485 9255
4239 1885 0499 8830
4241 2526 9177 6619
4250 8503 8444 6602
4253 6241 6734 8468
4271 9523 4269 1223
4301 7985 7578 0207
4421 8125 4357 8901
4502 3934 4290 5141
4721 5604 5969 9412
4921 4792 1416 6542
