Master Card No.
5100 5978 7057 0150
5110 7247 4501 7807
5120 4112 7688 8156
5130 6059 6215 0726
5140 6234 6210 3549
5150 0273 7580 9605
5160 3403 4914 1809
5170 1752 2074 3085
5172 6160 9779 0301
5180 0695 8299 2745
5190 3909 0195 9936
5191 7778 1520 8419
5201 1074 0746 5276
5202 1617 6287 0264
5204 7856 3864 3030
5205 9996 4425 7284
5206 8663 8868 8868
5207 7953 3043 3959
5208 7701 4430 4778
5209 4913 0574 8633
5210 1270 8162 6513
5211 5667 7257 3618
5212 4950 3169 3356
5213 0846 1431 3845
5215 8555 5270 5177
5216 0387 8893 5699
5217 2362 6672 3129
5220 1525 4697 0007
5223 1618 9003 8334
5230 2863 1766 3678
5236 5664 5481 4307