Diners Club Card
36246306777308
36802116133106
36000216270445
36772812612317
36085810852607
36262281702252
36844454512046
38060134310721
38412572708280
38720585428138
38063023174588
38273764133111
3833 721565 4643
3837 716718 1575
3872 173337 0230
3872 340476 4642
3831 577180 6112
3051 040133 1725
3082 536535 4707
3062 423681 7681
3006 767361 0674
3016 610345 1228
3095 762647 7710
3095 646346 0557
3033 450272 5663
3658 617067 8706
3048 548655 0335
3005 768850 7346
3038 510000 1642
3800 864740 8532
