Discover Card No.
6551 5750 0283 0517
6587 8047 8600 8550
6013 1578 2022 9953
6013 9081 0129 4409
6013 2673 6082 3873
6013 7413 1391 8105
6013 0897 8610 9061
6013 4356 9109 1185
6013 6091 5574 6159
6013 4249 0375 2677
6013 3527 5955 1945
6013 4275 7094 1507
6011 5616 2502 4463
6522 5420 2113 1752
6527 6505 6068 8085
6588 1324 4156 5044
6521 6211 3483 2203
6503 8153 4817 1547
6505 8635 8660 1774
6013 2836 7124 5524
6013 2475 9914 0158
6013 0166 8771 2800
6013 8309 9283 8310
6013 2195 4719 4470
6013 8203 0549 9801
6013 7068 5481 6042
6013 1941 6243 7613
6013 9097 1430 7711
6013 8630 5485 3836
6585 6220 2661 5147
6011 0436 2880 2765
