JCB Card No.
3572 6136 0524 6224
3573 3242 4751 6334
3548 2703 6640 1232
3552 1330 0241 3503
3578 0223 1643 1634
3578 2260 1147 0124
3542 8656 8385 3738
3537 7834 8732 8376
3528 0772 1206 7834
3551 0236 6357 1783
3571 2627 6631 6532
3537 7831 4075 4075
3583 0353 1220 1747
3550 5852 0074 4348
3535 5713 2117 0332
3535 3817 6751 8832
3550 7717 4658 1713
3540 3542 3164 2606
3543 6555 2626 5524
3562 8205 8251 0546
3577 1084 5243 3020
3532 3866 2456 7115
3544 4041 8846 7782
3557 5886 6755 6604
3540 8021 8871 6567
3583 3483 7182 8031
3583 7810 1226 3061
3585 2183 4387 3316
3560 4704 2553 1127
3558 1664 6363 4864
3544 4216 1748 0624
